2.631216517857142776e+02 2.877696526508226782e+01
2.623590029761904816e+02 2.817001828153565057e+01
2.621469494047619264e+02 2.732906764168190250e+01
2.622659970238095184e+02 2.646617915904936069e+01
2.626417410714285552e+02 2.582998171846435298e+01
2.628463541666666856e+02 2.582266910420475270e+01
2.628537946428571672e+02 2.597623400365630886e+01
2.628314732142857224e+02 2.612979890310786146e+01
2.628128720238095184e+02 2.626873857404022061e+01
2.627719494047619264e+02 2.640767824497257976e+01
2.626901041666666856e+02 2.662705667276051358e+01
2.626268601190475920e+02 2.686106032906764085e+01
2.626156994047619264e+02 2.707312614259597794e+01
2.626343005952380736e+02 2.725594149908592456e+01
2.627161458333333144e+02 2.749725776965265212e+01
2.628723958333333144e+02 2.773857404021937967e+01
2.629914434523809632e+02 2.790676416819012928e+01
2.631662946428571672e+02 2.809689213893967263e+01
2.633485863095237960e+02 2.822851919561243150e+01
2.635941220238095184e+02 2.835283363802559364e+01
2.636722470238095184e+02 2.843327239488117186e+01
2.640405505952380736e+02 2.860877513711151821e+01
2.643828125000000000e+02 2.877696526508226782e+01
2.643642113095237960e+02 2.890859232175502669e+01
2.635159970238095184e+02 2.893053016453382043e+01
2.631216517857142776e+02 2.877696526508226782e+01
