2.467274167987321789e+02 2.707678571428571246e+01
2.463787638668779607e+02 2.694821428571428612e+01
2.462709984152139384e+02 2.679821428571428399e+01
2.463058637083993574e+02 2.678035714285714164e+01
2.463280507131537149e+02 2.676249999999999929e+01
2.463502377179080725e+02 2.673035714285714448e+01
2.463851030110934914e+02 2.670892857142857224e+01
2.464326465927099719e+02 2.671249999999999858e+01
2.464548335974643294e+02 2.672321428571428470e+01
2.464770206022186869e+02 2.674464285714285694e+01
2.464992076069730444e+02 2.679107142857142776e+01
2.465309033280507265e+02 2.679821428571428399e+01
2.465721077654516762e+02 2.680178571428571388e+01
2.466291600633914527e+02 2.679107142857142776e+01
2.466671949286846370e+02 2.677678571428571530e+01
2.466957210776545253e+02 2.676249999999999929e+01
2.467242472266244135e+02 2.674107142857142705e+01
2.467432646592710057e+02 2.671607142857142847e+01
2.468034865293185476e+02 2.669821428571428612e+01
2.468383518225039666e+02 2.668035714285714377e+01
2.468732171156893855e+02 2.663392857142856940e+01
2.469017432646592738e+02 2.663035714285714306e+01
2.469270998415213967e+02 2.660892857142857082e+01
2.469524564183835196e+02 2.658035714285714235e+01
2.469778129952456425e+02 2.656607142857142989e+01
2.470095087163232961e+02 2.654107142857142776e+01
2.470412044374009497e+02 2.652321428571428541e+01
2.470824088748018994e+02 2.649464285714285694e+01
2.471267828843106145e+02 2.646607142857142847e+01
2.471553090332805027e+02 2.643750000000000000e+01
2.471965134706814524e+02 2.640535714285714164e+01
2.472218700475435753e+02 2.639464285714285552e+01
2.472503961965134636e+02 2.637678571428571317e+01
2.472789223454833518e+02 2.636964285714285694e+01
2.474088748019017316e+02 2.653750000000000142e+01
2.473613312202852512e+02 2.687321428571428683e+01
2.472916006339144133e+02 2.699821428571428683e+01
2.471870047543581563e+02 2.708749999999999858e+01
2.467274167987321789e+02 2.707678571428571246e+01
