2.621618303571428328e+02 2.209780621572211956e+01
2.624371279761904816e+02 2.109414990859232120e+01
2.625784970238095184e+02 2.124223034734917803e+01
2.625896577380952408e+02 2.134095063985374807e+01
2.626529017857142776e+02 2.146160877513711185e+01
2.626752232142857224e+02 2.156581352833638121e+01
2.625673363095237960e+02 2.165356489945155261e+01
2.624445684523809632e+02 2.176873857404022061e+01
2.623218005952380736e+02 2.192230347349177322e+01
2.622250744047619264e+02 2.209780621572211956e+01
2.621618303571428328e+02 2.209780621572211956e+01
