2.720267857142857224e+02 3.081535648994515597e+01
2.716398809523809632e+02 3.057769652650822678e+01
2.718482142857142776e+02 3.034369287020109596e+01
2.718958333333333144e+02 3.024497257769652592e+01
2.719851190476190368e+02 3.022303473491773218e+01
2.720744047619047592e+02 3.023400365630713083e+01
2.721755952380952408e+02 3.023034734917733246e+01
2.724136904761904816e+02 3.026325411334552129e+01
2.726517857142857224e+02 3.031444241316270549e+01
2.727172619047619264e+02 3.031809872029250386e+01
2.727648809523809632e+02 3.031444241316270549e+01
2.729910714285714448e+02 3.035100548446069624e+01
2.732053571428571672e+02 3.038756855575868343e+01
2.733363095238095184e+02 3.039488117001828016e+01
2.734494047619047592e+02 3.038756855575868343e+01
2.735744047619047592e+02 3.038756855575868343e+01
2.737589285714285552e+02 3.035831809872029297e+01
2.739434523809524080e+02 3.034003656307129759e+01
2.739315476190475920e+02 3.068007312614259519e+01
2.720267857142857224e+02 3.081535648994515597e+01
