2.906250000000000000e+02 6.474405850091407899e+01
2.879464285714285552e+02 6.902193784277879729e+01
2.820535714285714448e+02 7.148994515539305894e+01
2.765178571428571672e+02 7.083180987202925394e+01
2.686607142857142776e+02 6.655393053016453564e+01
2.638392857142857224e+02 6.178244972577697069e+01
2.641964285714285552e+02 5.684643510054844739e+01
2.711607142857142776e+02 5.174588665447897995e+01
2.788392857142857224e+02 5.042961608775136995e+01
2.836607142857143344e+02 5.092321755027422370e+01
2.845535714285714448e+02 5.503656307129799075e+01
2.838392857142857224e+02 6.046617915904936069e+01
2.908035714285714448e+02 5.783363802559415490e+01
2.950892857142857224e+02 5.816270566727605029e+01
2.906250000000000000e+02 6.425045703839123235e+01
2.906250000000000000e+02 6.474405850091407899e+01
