2.115293185419968438e+02 6.166964285714286120e+01
2.113232963549920669e+02 6.091964285714286120e+01
2.112599049128367596e+02 6.040178571428571530e+01
2.112916006339144133e+02 5.993750000000000000e+01
2.115610142630744974e+02 6.002678571428571530e+01
2.117353407290015923e+02 6.002678571428571530e+01
2.118304278922345532e+02 5.993750000000000000e+01
2.121315372424722625e+02 5.981250000000000000e+01
2.124009508716323182e+02 5.984821428571428470e+01
2.126386687797147488e+02 5.997321428571428470e+01
2.128446909667194973e+02 6.013392857142856940e+01
2.130031695721077654e+02 6.022321428571428470e+01
2.130507131537242458e+02 6.022321428571428470e+01
2.132884310618066479e+02 6.020535714285714590e+01
2.134469096671949160e+02 6.024107142857143060e+01
2.135578446909667321e+02 6.031250000000000000e+01
2.137163232963550001e+02 6.033035714285714590e+01
2.138431061806656146e+02 6.040178571428571530e+01
2.141917591125198044e+02 6.036607142857143060e+01
2.143343898573692456e+02 6.036607142857143060e+01
2.145087163232963690e+02 6.027678571428571530e+01
2.147939778129952515e+02 6.024107142857143060e+01
2.150475435816164804e+02 6.018750000000000000e+01
2.152377179080824021e+02 6.022321428571428470e+01
2.154437400950871506e+02 6.015178571428571530e+01
2.155546751188589667e+02 6.018750000000000000e+01
2.156180665610142739e+02 6.068750000000000000e+01
2.154278922345483238e+02 6.147321428571428470e+01
2.145879556259905030e+02 6.191964285714286120e+01
2.115293185419968438e+02 6.166964285714286120e+01
