2.300792393026941340e+02 5.647321428571428470e+01
2.296671949286846370e+02 5.590178571428571530e+01
2.295879556259905030e+02 5.516964285714285410e+01
2.292709984152139384e+02 5.499107142857143060e+01
2.291442155309033240e+02 5.486607142857143060e+01
2.290808240887480167e+02 5.475892857142856940e+01
2.290174326465927095e+02 5.447321428571428470e+01
2.291759112519809776e+02 5.425892857142856940e+01
2.292868462757527652e+02 5.404464285714285410e+01
2.293502377179080725e+02 5.384821428571428470e+01
2.294453248811410333e+02 5.359821428571428470e+01
2.296830427892234638e+02 5.343750000000000000e+01
2.299524564183835196e+02 5.325892857142856940e+01
2.301743264659270949e+02 5.309821428571428470e+01
2.303803486529318434e+02 5.293750000000000000e+01
2.306022187004754471e+02 5.277678571428571530e+01
2.307923930269413688e+02 5.261607142857143060e+01
2.310459587955625977e+02 5.250892857142856940e+01
2.312044374009508658e+02 5.233035714285713880e+01
2.312678288431061731e+02 5.231250000000000000e+01
2.313629160063391339e+02 5.234821428571428470e+01
2.315213946117274304e+02 5.234821428571428470e+01
2.315847860538827376e+02 5.216964285714285410e+01
2.317115689381933521e+02 5.199107142857143060e+01
2.318700475435816202e+02 5.170535714285713880e+01
2.319017432646592738e+02 5.158035714285713880e+01
2.320443740095087151e+02 5.147321428571428470e+01
2.321553090332805027e+02 5.138392857142856940e+01
2.322187004754358099e+02 5.124107142857143060e+01
2.322662440570522904e+02 5.113392857142856940e+01
2.322979397781299440e+02 5.104464285714285410e+01
2.325356576862123745e+02 5.097321428571428470e+01
2.327099841521394694e+02 5.097321428571428470e+01
2.330110935023771788e+02 5.099107142857143060e+01
2.333914421553090222e+02 5.100892857142856940e+01
2.335816164817749723e+02 5.127678571428571530e+01
2.339461172741679889e+02 5.293750000000000000e+01
2.336133122028526259e+02 5.461607142857143060e+01
2.329793977812995251e+02 5.568750000000000000e+01
2.324405705229793853e+02 5.684821428571428470e+01
2.322662440570522904e+02 5.720535714285714590e+01
2.307290015847860616e+02 5.686607142857143060e+01
2.300792393026941340e+02 5.647321428571428470e+01
