3.027678571428571104e+02 5.207495429616087534e+01
2.996130952380952408e+02 5.086837294332723758e+01
2.955654761904762040e+02 5.059414990859231409e+01
2.931250000000000000e+02 5.031992687385739771e+01
2.903273809523809632e+02 4.845521023765996205e+01
2.886011904761904816e+02 4.670018281535648441e+01
2.890178571428571672e+02 4.653564899451554027e+01
2.941369047619047592e+02 4.724862888482632428e+01
2.976488095238095184e+02 4.532906764168190250e+01
3.042559523809523512e+02 4.861974405850091330e+01
3.028273809523809632e+02 4.949725776965264856e+01
3.029464285714285552e+02 5.031992687385739771e+01
3.035416666666666856e+02 5.092321755027421659e+01
3.031845238095237960e+02 5.207495429616087534e+01
3.027678571428571104e+02 5.207495429616087534e+01
