2.881733630952380736e+02 4.138482632541133199e+01
2.877566964285714448e+02 4.139396709323582968e+01
2.870870535714285552e+02 4.134826325411334835e+01
2.862834821428571672e+02 4.106489945155392718e+01
2.859933035714285552e+02 4.081809872029250386e+01
2.856808035714285552e+02 4.058043875685557822e+01
2.858147321428571672e+02 4.056215722120658285e+01
2.862388392857142776e+02 4.058043875685557822e+01
2.866331845238095184e+02 4.068098720292504566e+01
2.870275297619047592e+02 4.079067641681901080e+01
2.874665178571428328e+02 4.085466179159049460e+01
2.876302083333333144e+02 4.088208409506398766e+01
2.879427083333333144e+02 4.099177330895795279e+01
2.881138392857142776e+02 4.104661791590493891e+01
2.878459821428571672e+02 4.102833638025594354e+01
2.875409226190475920e+02 4.103747714808044122e+01
2.878385416666666856e+02 4.118372943327239710e+01
2.881436011904762040e+02 4.133912248628885067e+01
2.881733630952380736e+02 4.138482632541133199e+01
