2.764910714285714448e+02 1.528153564899451489e+01
2.763303571428571672e+02 1.534734917733089610e+01
2.762232142857142776e+02 1.539122486288848179e+01
2.760863095238095184e+02 1.547897623400365674e+01
2.758958333333333144e+02 1.563254113345520935e+01
2.757589285714285552e+02 1.548994515539305183e+01
2.758898809523809632e+02 1.520475319926873858e+01
2.761875000000000000e+02 1.509506398537477168e+01
2.764672619047619264e+02 1.510603290676416677e+01
2.764910714285714448e+02 1.528153564899451489e+01
