1.097470238095239381e+01 5.339122486288847114e+01
1.670386904761906521e+01 5.322669104204751989e+01
2.276041666666668561e+01 5.503656307129797653e+01
2.963541666666668561e+01 5.931444241316269483e+01
3.127232142857144481e+01 5.980804387568554858e+01
3.061755952380954682e+01 6.112431444241315148e+01
2.243303571428573662e+01 6.128884826325410273e+01
2.603422619047620401e+01 6.507312614259596728e+01
2.423363095238096321e+01 6.638939670932356307e+01
2.112351190476192642e+01 6.606032906764167478e+01
1.670386904761906521e+01 6.276965265082265688e+01
1.359375000000001421e+01 5.651736745886653068e+01
1.162946428571430602e+01 6.046617915904934648e+01
8.028273809523824411e+00 5.980804387568554858e+01
9.010416666666685614e+00 5.503656307129797653e+01
9.828869047619065213e+00 5.355575868372942239e+01
1.097470238095239381e+01 5.339122486288847114e+01
