2.480388272583201399e+02 2.584464285714285836e+01
2.478961965134706702e+02 2.571607142857142847e+01
2.478882725832012568e+02 2.537321428571428328e+01
2.478645007923930166e+02 2.524464285714285694e+01
2.478169572107765362e+02 2.508392857142857224e+01
2.477773375594294691e+02 2.499821428571428328e+01
2.477456418383518155e+02 2.489107142857142918e+01
2.477218700475435753e+02 2.480535714285714022e+01
2.477060221870047485e+02 2.478392857142857153e+01
2.477377179080824021e+02 2.474107142857142705e+01
2.477694136291600557e+02 2.477321428571428541e+01
2.478407290015847764e+02 2.476249999999999929e+01
2.478486529318541898e+02 2.468750000000000000e+01
2.478248811410459496e+02 2.463392857142856940e+01
2.478961965134706702e+02 2.459107142857142847e+01
2.479278922345483238e+02 2.454821428571428399e+01
2.479912836767036310e+02 2.450535714285714306e+01
2.480863708399366203e+02 2.448392857142857082e+01
2.481418383518225141e+02 2.440892857142857153e+01
2.482131537242472348e+02 2.437678571428571317e+01
2.482606973058637152e+02 2.432321428571428612e+01
2.482923930269413688e+02 2.430178571428571388e+01
2.483003169572107822e+02 2.435535714285714448e+01
2.483637083993660895e+02 2.436607142857142705e+01
2.484270998415213967e+02 2.435535714285714448e+01
2.484904912836767039e+02 2.435535714285714448e+01
2.485618066561014246e+02 2.432321428571428612e+01
2.486648177496037988e+02 2.428035714285714164e+01
2.487123613312202792e+02 2.425892857142856940e+01
2.487123613312202792e+02 2.475178571428571317e+01
2.485776545166402514e+02 2.548035714285714448e+01
2.484667194928684637e+02 2.574821428571428328e+01
2.482606973058637152e+02 2.581250000000000000e+01
2.480388272583201399e+02 2.584464285714285836e+01
