2.839218750000000000e+02 3.667458866544789942e+01
2.826808035714285552e+02 3.569469835466179575e+01
2.824441964285714448e+02 3.481718464351005338e+01
2.820691964285714448e+02 3.424680073126142332e+01
2.820066964285714448e+02 3.405667276051187997e+01
2.820290178571428328e+02 3.394698354661791484e+01
2.820915178571428328e+02 3.401279707495429960e+01
2.821584821428571672e+02 3.415173674588665165e+01
2.822611607142857224e+02 3.427605118829981734e+01
2.824754464285714448e+02 3.443692870201096667e+01
2.827120535714285552e+02 3.454661791590493891e+01
2.829263392857142776e+02 3.464899451553930732e+01
2.831406250000000000e+02 3.468555758683729096e+01
2.833058035714285552e+02 3.469287020109689479e+01
2.833950892857142776e+02 3.467093235831809750e+01
2.834799107142857224e+02 3.462705667276051003e+01
2.837611607142857224e+02 3.490493601462522832e+01
2.839308035714285552e+02 3.503656307129799075e+01
2.842075892857142776e+02 3.517550274223034990e+01
2.844040178571428328e+02 3.523400365630713083e+01
2.844709821428571672e+02 3.521937842778793737e+01
2.845290178571428328e+02 3.557038391224863005e+01
2.845245535714285552e+02 3.565082266910420117e+01
2.844843750000000000e+02 3.576051188299817341e+01
2.843593750000000000e+02 3.598720292504570750e+01
2.842031250000000000e+02 3.629433272394881271e+01
2.841406250000000000e+02 3.648446069469835606e+01
2.841093750000000000e+02 3.663071297989031194e+01
2.840513392857142776e+02 3.674040219378427707e+01
2.840066964285714448e+02 3.674771480804387380e+01
2.839218750000000000e+02 3.667458866544789942e+01
