2.668898809523811622e+01 4.105118829981716999e+01
3.029017857142858361e+01 4.006398537477146959e+01
3.372767857142858361e+01 4.088665447897621874e+01
3.994791666666668561e+01 4.039305301645337209e+01
4.305803571428573662e+01 4.187385740402192624e+01
3.814732142857144481e+01 4.499999999999998579e+01
3.978422619047620401e+01 4.664533820840949119e+01
3.896577380952382441e+01 4.779707495429614994e+01
3.405505952380954682e+01 4.598720292504569329e+01
3.159970238095239381e+01 4.697440585009139369e+01
2.963541666666668561e+01 4.680987202925044244e+01
2.750744047619049581e+01 4.417733089579523664e+01
2.701636904761906521e+01 4.170932358318097499e+01
2.668898809523811622e+01 4.105118829981716999e+01
