2.103961965134706702e+02 6.193750000000000000e+01
2.091283676703644971e+02 6.183035714285714590e+01
2.079714738510301117e+02 6.163392857142856940e+01
2.069096671949286872e+02 6.106250000000000000e+01
2.063074484944532401e+02 6.027678571428571530e+01
2.056101426307448605e+02 5.956250000000000000e+01
2.054992076069730444e+02 5.865178571428571530e+01
2.059746434231378771e+02 5.849107142857143060e+01
2.061965134706814524e+02 5.859821428571428470e+01
2.065134706814580170e+02 5.868750000000000000e+01
2.066085578446909778e+02 5.872321428571428470e+01
2.067036450079239387e+02 5.886607142857143060e+01
2.071473851030110893e+02 5.899107142857143060e+01
2.076386687797147488e+02 5.913392857142856940e+01
2.080824088748018994e+02 5.925892857142856940e+01
2.083042789223454747e+02 5.920535714285713880e+01
2.085103011093502232e+02 5.920535714285713880e+01
2.087955625990491342e+02 5.920535714285713880e+01
2.090808240887480167e+02 5.927678571428571530e+01
2.093819334389857261e+02 5.934821428571428470e+01
2.097305863708399443e+02 5.943750000000000000e+01
2.100950871632329608e+02 5.968750000000000000e+01
2.104437400950871506e+02 5.990178571428571530e+01
2.107448494453248884e+02 5.999107142857143060e+01
2.110935023771790782e+02 6.022321428571428470e+01
2.112519809825673462e+02 6.079464285714285410e+01
2.113470681458003071e+02 6.158035714285714590e+01
2.103961965134706702e+02 6.193750000000000000e+01
