2.985602678571428328e+02 1.071480804387568497e+01
2.983891369047619264e+02 1.070383912248628988e+01
2.980468750000000000e+02 1.069287020109689301e+01
2.977715773809524080e+02 1.065996343692870241e+01
2.975260416666666856e+02 1.065996343692870241e+01
2.971540178571428328e+02 1.062705667276051180e+01
2.969605654761904816e+02 1.041864716636197485e+01
2.973325892857142776e+02 9.771480804387568497e+00
2.978236607142857224e+02 9.738574040219379668e+00
2.979947916666666856e+02 9.914076782449726011e+00
2.981287202380952408e+02 9.771480804387568497e+00
2.983742559523809632e+02 9.771480804387568497e+00
2.985156250000000000e+02 9.683729433272395326e+00
2.984263392857142776e+02 9.826325411334552840e+00
2.984784226190475920e+02 1.012248628884826473e+01
2.987462797619047592e+02 1.024314442413162851e+01
2.988950892857142776e+02 1.076965265082266932e+01
2.985602678571428328e+02 1.071480804387568497e+01
