2.779717261904762040e+02 2.708043875685557467e+01
2.776622023809524080e+02 2.706946983546617957e+01
2.775877976190475920e+02 2.700731261425959673e+01
2.776741071428571672e+02 2.686471663619743921e+01
2.777276785714285552e+02 2.678793418647166291e+01
2.777366071428571672e+02 2.671480804387568497e+01
2.777514880952380736e+02 2.666727605118829914e+01
2.778020833333333144e+02 2.655027422303473372e+01
2.778229166666666856e+02 2.648080438756855415e+01
2.778973214285714448e+02 2.643327239488117186e+01
2.779598214285714448e+02 2.644058500914076859e+01
2.780491071428571672e+02 2.648446069469835606e+01
2.784062500000000000e+02 2.671480804387568497e+01
2.779717261904762040e+02 2.708043875685557467e+01
