2.851443452380952408e+02 3.920475319926873681e+01
2.845193452380952408e+02 3.954844606946983276e+01
2.846443452380952408e+02 3.983729433272394971e+01
2.844627976190475920e+02 3.985191956124314316e+01
2.843080357142857224e+02 3.959597806215722215e+01
2.845104166666666856e+02 3.907312614259598149e+01
2.848318452380952408e+02 3.872212065813528170e+01
2.848973214285714448e+02 3.877330895795246590e+01
2.850699404761904816e+02 3.896709323583181117e+01
2.851949404761904816e+02 3.914625228519195588e+01
2.851443452380952408e+02 3.920475319926873681e+01
