2.774494047619047592e+02 9.405850091407678804e+00
2.775267857142857224e+02 9.047531992687385838e+00
2.778541666666666856e+02 8.872029250457039495e+00
2.782291666666666856e+02 8.908592321755026688e+00
2.783125000000000000e+02 8.967093235831809395e+00
2.782351190476190368e+02 9.058500914076782706e+00
2.781755952380952408e+02 9.065813528336381211e+00
2.781755952380952408e+02 9.124314442413162141e+00
2.781101190476190368e+02 9.171846435100547978e+00
2.778958333333333144e+02 9.299817184643510259e+00
2.778422619047619264e+02 9.343692870201097733e+00
2.777470238095237960e+02 9.358318098720292966e+00
2.777470238095237960e+02 9.391224862888481795e+00
2.777172619047619264e+02 9.427787934186472540e+00
2.776160714285714448e+02 9.409506398537477168e+00
2.774494047619047592e+02 9.405850091407678804e+00
