2.718958333333333144e+02 1.895795246800731348e+01
2.714851190476190368e+02 1.855575868372943305e+01
2.715684523809524080e+02 1.780987202925045665e+01
2.716279761904762040e+02 1.745886654478976396e+01
2.717351190476190368e+02 1.750274223034735144e+01
2.718720238095237960e+02 1.767093235831809750e+01
2.720029761904762040e+02 1.791224862888482505e+01
2.721398809523809632e+02 1.812431444241316214e+01
2.720982142857142776e+02 1.900914076782449769e+01
2.718958333333333144e+02 1.895795246800731348e+01
