2.358169572107765362e+02 4.715625000000000000e+01
2.358407290015847764e+02 4.699553571428571530e+01
2.358328050713153630e+02 4.694196428571428470e+01
2.358882725832012568e+02 4.687946428571428470e+01
2.359120443740094970e+02 4.678125000000000000e+01
2.359199683042789104e+02 4.672767857142856940e+01
2.359437400950871506e+02 4.659375000000000000e+01
2.359516640253565640e+02 4.644196428571428470e+01
2.359437400950871506e+02 4.632589285714285410e+01
2.359199683042789104e+02 4.628125000000000000e+01
2.359912836767036310e+02 4.622767857142856940e+01
2.360229793977813131e+02 4.615625000000000000e+01
2.360625990491283801e+02 4.607589285714285410e+01
2.364508716323296369e+02 4.605803571428571530e+01
2.367599049128367596e+02 4.611160714285714590e+01
2.366965134706814524e+02 4.648660714285714590e+01
2.363637083993660895e+02 4.683482142857143060e+01
2.363161648177496090e+02 4.709375000000000000e+01
2.360625990491283801e+02 4.729017857142856940e+01
2.359278922345483238e+02 4.728125000000000000e+01
2.358169572107765362e+02 4.715625000000000000e+01
