2.792477678571428328e+02 2.876142595978062388e+01
2.790156250000000000e+02 2.867367458866544894e+01
2.795066964285714448e+02 2.700091407678245048e+01
2.798191964285714448e+02 2.649634369287020164e+01
2.799486607142857224e+02 2.649634369287020164e+01
2.799620535714285552e+02 2.661151736745886609e+01
2.799620535714285552e+02 2.681444241316270549e+01
2.799174107142857224e+02 2.697349177330895742e+01
2.798415178571428328e+02 2.715996343692870241e+01
2.797834821428571672e+02 2.729159049360146128e+01
2.796852678571428328e+02 2.751645338208409441e+01
2.796316964285714448e+02 2.767550274223034634e+01
2.795825892857142776e+02 2.780712979890310876e+01
2.794352678571428328e+02 2.808135283363802515e+01
2.793995535714285552e+02 2.824040219378427707e+01
2.793995535714285552e+02 2.837751371115173527e+01
2.794308035714285552e+02 2.844881170018281580e+01
2.794665178571428328e+02 2.844881170018281580e+01
2.794397321428571672e+02 2.852010968921389633e+01
2.792477678571428328e+02 2.876142595978062388e+01
