2.371988906497622906e+02 3.798660714285714590e+01
2.372781299524564247e+02 3.789732142857143060e+01
2.373811410459587989e+02 3.788839285714285410e+01
2.374603803486529330e+02 3.784375000000000000e+01
2.375000000000000000e+02 3.780803571428571530e+01
2.375079239302694134e+02 3.768303571428571530e+01
2.375000000000000000e+02 3.756696428571428470e+01
2.375950871632329608e+02 3.748660714285714590e+01
2.378803486529318434e+02 3.732589285714285410e+01
2.381022187004754471e+02 3.732589285714285410e+01
2.382210776545166482e+02 3.807589285714285410e+01
2.379992076069730729e+02 3.834375000000000000e+01
2.377060221870047485e+02 3.834375000000000000e+01
2.373890649762282123e+02 3.832589285714285410e+01
2.373019017432646649e+02 3.817410714285714590e+01
2.371988906497622906e+02 3.798660714285714590e+01
