2.742648809523809632e+02 3.038756855575868343e+01
2.740327380952380736e+02 3.028884826325411339e+01
2.740922619047619264e+02 3.022669104204753054e+01
2.742589285714285552e+02 3.013162705667276242e+01
2.744017857142857224e+02 3.006215722120658285e+01
2.744672619047619264e+02 2.999268738574040327e+01
2.745565476190475920e+02 2.995612431444241253e+01
2.746101190476190368e+02 2.991590493601462697e+01
2.746041666666666856e+02 2.986471663619743921e+01
2.745982142857142776e+02 2.975868372943327245e+01
2.746279761904762040e+02 2.967458866544789942e+01
2.746755952380952408e+02 2.968190127970749614e+01
2.748482142857142776e+02 2.965996343692870241e+01
2.749315476190475920e+02 2.960877513711151821e+01
2.750803571428571672e+02 2.964168190127970703e+01
2.752708333333333144e+02 2.973308957952468035e+01
2.752946428571428328e+02 2.976599634369286917e+01
2.753005952380952408e+02 2.997074954296160954e+01
2.747053571428571672e+02 3.037659963436928834e+01
2.742648809523809632e+02 3.038756855575868343e+01
