2.652779017857142776e+02 2.986946983546618029e+01
2.649698660714285552e+02 2.975831809872029510e+01
2.648426339285714448e+02 2.944826325411334622e+01
2.647689732142857224e+02 2.923180987202925252e+01
2.647220982142857224e+02 2.912065813528336378e+01
2.647154017857142776e+02 2.897440585009140790e+01
2.648426339285714448e+02 2.906215722120658285e+01
2.650502232142857224e+02 2.920255941499085850e+01
2.652310267857142776e+02 2.931956124314442746e+01
2.652645089285714448e+02 2.940146252285192219e+01
2.654453125000000000e+02 2.948921389396709358e+01
2.655926339285714448e+02 2.956526508226691163e+01
2.655323660714285552e+02 2.971151736745886751e+01
2.652779017857142776e+02 2.986946983546618029e+01
