2.881733630952380736e+02 1.105484460694698434e+01
2.878087797619047592e+02 1.053930530164533863e+01
2.876748511904762040e+02 9.683729433272395326e+00
2.879575892857142776e+02 9.003656307129798364e+00
2.886569940476190368e+02 8.850091407678245758e+00
2.891034226190475920e+02 9.212065813528337088e+00
2.890662202380952408e+02 9.914076782449726011e+00
2.887686011904762040e+02 1.061608775137111493e+01
2.886197916666666856e+02 1.092321755027422370e+01
2.885305059523809632e+02 1.094515539305301743e+01
2.884561011904762040e+02 1.095612431444241253e+01
2.883891369047619264e+02 1.100000000000000000e+01
2.882700892857142776e+02 1.104387568555758747e+01
2.881733630952380736e+02 1.105484460694698434e+01
