2.625859375000000000e+02 2.549908592321754952e+01
2.620725446428571672e+02 2.549908592321754952e+01
2.620837053571428328e+02 2.366361974405850077e+01
2.622585565476190368e+02 2.373674588665447871e+01
2.622622767857142776e+02 2.400000000000000000e+01
2.622808779761904816e+02 2.426325411334552129e+01
2.623143601190475920e+02 2.448263254113345511e+01
2.624594494047619264e+02 2.500182815356490096e+01
2.626380208333333144e+02 2.540402193784277785e+01
2.625859375000000000e+02 2.549908592321754952e+01
