2.839977678571428328e+02 3.969652650822668960e+01
2.831138392857142776e+02 3.919195612431444431e+01
2.823906250000000000e+02 3.848994515539305183e+01
2.829709821428571672e+02 3.663254113345521290e+01
2.839888392857142776e+02 3.677879341864716878e+01
2.840424107142857224e+02 3.715173674588665165e+01
2.841450892857142776e+02 3.719561243144423912e+01
2.843772321428571672e+02 3.755393053016453564e+01
2.844486607142857224e+02 3.775868372943327245e+01
2.845066964285714448e+02 3.784643510054844739e+01
2.846406250000000000e+02 3.787568555758683431e+01
2.848549107142857224e+02 3.819744058500914008e+01
2.849441964285714448e+02 3.840219378427787689e+01
2.849531250000000000e+02 3.850457038391225240e+01
2.849352678571428328e+02 3.868007312614259519e+01
2.849129464285714448e+02 3.875319926873857668e+01
2.847120535714285552e+02 3.871663619744058593e+01
2.840379464285714448e+02 3.900182815356490096e+01
2.842031250000000000e+02 3.954296160877513699e+01
2.841272321428571672e+02 3.968190127970749614e+01
2.839977678571428328e+02 3.969652650822668960e+01
