1.654017857142857224e+02 6.298903107861060846e+01
1.562053571428571388e+02 6.203839122486289170e+01
1.431696428571428612e+02 5.999085923217550942e+01
1.345982142857142776e+02 5.494515539305302099e+01
1.358482142857142776e+02 5.311700182815356897e+01
1.425446428571428612e+02 5.223948811700182659e+01
1.423660714285714448e+02 4.829067641681901790e+01
1.421875000000000000e+02 4.668190127970750325e+01
1.420982142857142776e+02 4.426873857404022772e+01
1.446875000000000000e+02 4.353747714808044122e+01
1.478125000000000000e+02 4.404936014625229035e+01
1.572767857142857224e+02 5.172760511882998458e+01
1.611160714285714448e+02 5.860146252285191792e+01
1.652232142857142776e+02 6.079524680073126319e+01
1.658482142857142776e+02 6.262340036563071521e+01
1.654017857142857224e+02 6.298903107861060846e+01
