1.401339285714285552e+02 5.326325411334552484e+01
1.320089285714285836e+02 4.412248628884826473e+01
1.264732142857142918e+02 3.900365630712980192e+01
1.284375000000000000e+02 3.549360146252286086e+01
1.285267857142857224e+02 3.293418647166362945e+01
1.293303571428571388e+02 3.169104204753200094e+01
1.312053571428571388e+02 3.256855575868373620e+01
1.361160714285714448e+02 3.483546617915905586e+01
1.407589285714285552e+02 3.914990859232176490e+01
1.421875000000000000e+02 4.426873857404022772e+01
1.427232142857142776e+02 5.282449725776965721e+01
1.401339285714285552e+02 5.326325411334552484e+01
