2.199207606973058660e+02 6.041964285714285410e+01
2.196988906497622906e+02 5.986607142857143060e+01
2.196513470681458102e+02 5.970535714285713880e+01
2.200475435816164804e+02 5.956250000000000000e+01
2.202377179080824021e+02 5.947321428571428470e+01
2.204595879556259774e+02 5.943750000000000000e+01
2.206973058637084080e+02 5.936607142857143060e+01
2.209191759112519833e+02 5.929464285714285410e+01
2.213787638668779607e+02 5.954464285714285410e+01
2.213946117274167875e+02 6.013392857142856940e+01
2.209667194928684637e+02 6.034821428571428470e+01
2.199207606973058660e+02 6.041964285714285410e+01
