2.460063391442155307e+02 2.829821428571428399e+01
2.459112519809825699e+02 2.827678571428571530e+01
2.458985736925515084e+02 2.824107142857142705e+01
2.459112519809825699e+02 2.824464285714285694e+01
2.459270998415213967e+02 2.821607142857142847e+01
2.459302694136291620e+02 2.818035714285714377e+01
2.459080824088748045e+02 2.816250000000000142e+01
2.458922345483359777e+02 2.812321428571428683e+01
2.458732171156893855e+02 2.808749999999999858e+01
2.458034865293185476e+02 2.801249999999999929e+01
2.457622820919175979e+02 2.796964285714285836e+01
2.457369255150554750e+02 2.793750000000000000e+01
2.457052297939778214e+02 2.789107142857142918e+01
2.456703645007924024e+02 2.786607142857142705e+01
2.456228209191759220e+02 2.783392857142857224e+01
2.456291600633914527e+02 2.770535714285714235e+01
2.458763866877971509e+02 2.739107142857142918e+01
2.463011093502377094e+02 2.760178571428571459e+01
2.462377179080824021e+02 2.815178571428571530e+01
2.462630744849445250e+02 2.836607142857142705e+01
2.460063391442155307e+02 2.829821428571428399e+01
