-5.558035714285722406e+00 3.907678244972576209e+01
-5.934649514990326225e+00 3.620407903491777546e+01
-6.049107142857110375e+00 3.430530164533819715e+01
-6.473214285714448124e-01 3.446983546617914840e+01
9.501488095238102005e+00 3.627970749542960505e+01
9.501488095238102005e+00 3.381170018281534340e+01
1.932291666666668561e+01 2.936928702010968095e+01
3.667410714285716722e+01 3.068555758683727674e+01
3.634672619047620401e+01 3.743144424131625669e+01
2.799851190476192642e+01 3.989945155393051834e+01
1.948660714285715301e+01 4.319012797074952914e+01
1.408482142857144481e+01 4.615173674588664454e+01
1.162946428571430602e+01 4.598720292504569329e+01
4.985119047619122057e-01 4.368372943327238289e+01
-5.558035714285722406e+00 3.907678244972576209e+01
