2.228922345483359777e+02 5.965178571428571530e+01
2.226069730586370952e+02 5.850892857142856940e+01
2.228922345483359777e+02 5.840178571428571530e+01
2.230982567353407262e+02 5.840178571428571530e+01
2.233201267828843015e+02 5.822321428571428470e+01
2.234627575277337428e+02 5.795535714285714590e+01
2.236212361331220393e+02 5.781250000000000000e+01
2.238748019017432682e+02 5.763392857142856940e+01
2.240808240887480167e+02 5.741964285714286120e+01
2.241759112519809776e+02 5.725892857142856940e+01
2.241600633914421508e+02 5.700892857142856940e+01
2.244294770206022065e+02 5.718750000000000000e+01
2.246038034865293298e+02 5.704464285714286120e+01
2.245721077654516762e+02 5.688392857142856940e+01
2.244611727416798601e+02 5.681250000000000000e+01
2.247781299524564247e+02 5.666964285714286120e+01
2.249524564183835196e+02 5.654464285714286120e+01
2.251584786053882681e+02 5.629464285714286120e+01
2.253328050713153630e+02 5.620535714285714590e+01
2.256180665610142739e+02 5.609821428571428470e+01
2.257765451664025420e+02 5.604464285714286120e+01
2.259350237717908101e+02 5.591964285714286120e+01
2.260776545166402514e+02 5.575892857142856940e+01
2.262361331220285194e+02 5.547321428571428470e+01
2.263153724247226535e+02 5.536607142857143060e+01
2.266006339144215644e+02 5.515178571428571530e+01
2.268700475435816202e+02 5.500892857142856940e+01
2.270443740095087151e+02 5.483035714285713880e+01
2.272187004754358099e+02 5.474107142857143060e+01
2.273771790808240780e+02 5.472321428571428470e+01
2.278843106180665643e+02 5.474107142857143060e+01
2.279793977812995251e+02 5.477678571428571530e+01
2.282329635499207541e+02 5.474107142857143060e+01
2.284865293185420114e+02 5.479464285714285410e+01
2.287083993660855867e+02 5.474107142857143060e+01
2.289936608557844693e+02 5.481250000000000000e+01
2.291679873217115642e+02 5.483035714285713880e+01
2.293898573692551395e+02 5.500892857142856940e+01
2.296275752773375700e+02 5.520535714285714590e+01
2.296592709984152236e+02 5.570535714285714590e+01
2.294215530903327931e+02 5.681250000000000000e+01
2.292789223454833518e+02 5.808035714285713880e+01
2.287242472266244135e+02 5.891964285714286120e+01
2.275673534072900281e+02 5.931250000000000000e+01
2.264421553090332679e+02 5.965178571428571530e+01
2.257448494453248884e+02 5.966964285714286120e+01
2.250633914421553072e+02 5.975892857142856940e+01
2.228922345483359777e+02 5.965178571428571530e+01
