2.773883928571428328e+02 2.814625228519195588e+01
2.772395833333333144e+02 2.803656307129799075e+01
2.771741071428571672e+02 2.805850091407678093e+01
2.771711309523809632e+02 2.800000000000000000e+01
2.771711309523809632e+02 2.796343692870200925e+01
2.771532738095237960e+02 2.789031078610603487e+01
2.771711309523809632e+02 2.781718464351005338e+01
2.772127976190475920e+02 2.778427787934186455e+01
2.772633928571428328e+02 2.770018281535649152e+01
2.772723214285714448e+02 2.761608775137111493e+01
2.772604166666666856e+02 2.752468007312614162e+01
2.773020833333333144e+02 2.745155393053016368e+01
2.773586309523809632e+02 2.738939670932358439e+01
2.774092261904762040e+02 2.732358318098720318e+01
2.774419642857142776e+02 2.726873857404022061e+01
2.775342261904762040e+02 2.710054844606947100e+01
2.775848214285714448e+02 2.707861060329067726e+01
2.776860119047619264e+02 2.769287020109689124e+01
2.776354166666666856e+02 2.809140767824497331e+01
2.773883928571428328e+02 2.814625228519195588e+01
