2.764315476190475920e+02 1.306581352833637943e+01
2.761636904761904816e+02 1.280255941499085814e+01
2.760625000000000000e+02 1.212248628884826296e+01
2.761101190476190368e+02 1.159597806215722038e+01
2.763363095238095184e+02 1.159597806215722038e+01
2.762708333333333144e+02 1.184826325411334480e+01
2.763125000000000000e+02 1.199085923217550231e+01
2.763125000000000000e+02 1.213345521023765983e+01
2.763244047619047592e+02 1.223217550274222987e+01
2.763779761904762040e+02 1.235283363802559364e+01
2.764255952380952408e+02 1.239670932358318112e+01
2.765089285714285552e+02 1.240767824497257621e+01
2.764613095238095184e+02 1.251736745886654489e+01
2.764613095238095184e+02 1.273674588665447871e+01
2.764791666666666856e+02 1.287934186471663622e+01
2.764494047619047592e+02 1.303290676416818883e+01
2.764315476190475920e+02 1.306581352833637943e+01
