2.859397321428571672e+02 4.010603290676417032e+01
2.858028273809524080e+02 4.006946983546617957e+01
2.856391369047619264e+02 3.959414990859232120e+01
2.856778273809524080e+02 3.952468007312614162e+01
2.857090773809524080e+02 3.951005484460694817e+01
2.858251488095237960e+02 3.964899451553930732e+01
2.859025297619047592e+02 3.977696526508226782e+01
2.859308035714285552e+02 3.998903107861060136e+01
2.859590773809524080e+02 4.010968921389396513e+01
2.859397321428571672e+02 4.010603290676417032e+01
