2.338114104595879610e+02 5.133482142857143060e+01
2.333359746434231283e+02 5.103125000000000000e+01
2.325911251980982684e+02 5.098660714285714590e+01
2.325118858954041343e+02 5.095982142857143060e+01
2.322583201267828770e+02 5.092410714285714590e+01
2.321790808240887429e+02 5.087053571428571530e+01
2.319889064976228212e+02 5.085267857142856940e+01
2.317353407290015923e+02 5.081696428571428470e+01
2.315927099841521510e+02 5.076339285714285410e+01
2.317987321711568995e+02 5.055803571428571530e+01
2.320681458003169553e+02 5.034375000000000000e+01
2.322583201267828770e+02 5.023660714285714590e+01
2.320681458003169553e+02 5.014732142857143060e+01
2.321949286846275697e+02 5.007589285714285410e+01
2.323217115689381842e+02 5.012053571428571530e+01
2.325752773375594415e+02 5.004910714285714590e+01
2.327654516640253632e+02 4.995089285714285410e+01
2.329239302694136313e+02 4.985267857142856940e+01
2.330824088748018994e+02 4.972767857142856940e+01
2.332091917591125139e+02 4.962053571428571530e+01
2.333359746434231283e+02 4.954910714285714590e+01
2.334627575277337428e+02 4.942410714285714590e+01
2.335895404120443857e+02 4.940625000000000000e+01
2.337321711568938269e+02 4.935267857142856940e+01
2.338748019017432682e+02 4.926339285714285410e+01
2.340649762282091899e+02 4.912053571428571530e+01
2.342234548335974580e+02 4.907589285714285410e+01
2.343660855784468993e+02 4.896875000000000000e+01
2.344928684627575421e+02 4.891517857142856940e+01
2.346988906497622906e+02 4.883482142857143060e+01
2.348098256735340783e+02 4.876339285714285410e+01
2.350792393026941340e+02 4.868303571428571530e+01
2.353645007923930166e+02 4.859375000000000000e+01
2.356180665610142739e+02 4.850446428571428470e+01
2.359033280507131565e+02 4.843303571428571530e+01
2.363629160063391339e+02 4.836160714285713880e+01
2.364738510301109500e+02 4.827232142857143060e+01
2.364738510301109500e+02 4.814732142857143060e+01
2.362361331220285194e+02 4.814732142857143060e+01
2.358874801901743297e+02 4.820089285714285410e+01
2.356339144215531007e+02 4.829017857142856940e+01
2.354278922345483238e+02 4.835267857142856940e+01
2.352852614896988825e+02 4.837946428571428470e+01
2.353169572107765362e+02 4.814732142857143060e+01
2.353486529318541898e+02 4.795089285714285410e+01
2.355229793977813131e+02 4.781696428571428470e+01
2.359350237717908101e+02 4.762946428571428470e+01
2.362361331220285194e+02 4.731696428571428470e+01
2.364421553090332679e+02 4.707589285714285410e+01
2.364738510301109500e+02 4.702232142857143060e+01
2.372345483359746368e+02 4.701339285714285410e+01
2.379318541996830447e+02 4.705803571428571530e+01
2.382963549920760613e+02 4.732589285714285410e+01
2.385657686212361455e+02 4.834375000000000000e+01
2.379793977812995251e+02 4.950446428571428470e+01
2.381220285261489664e+02 5.001339285714285410e+01
2.376624405705229890e+02 5.054910714285714590e+01
2.368383518225039666e+02 5.126339285714286120e+01
2.361093502377179050e+02 5.149553571428571530e+01
2.352852614896988825e+02 5.145982142857143060e+01
2.344611727416798601e+02 5.140625000000000000e+01
2.340174326465927095e+02 5.150446428571428470e+01
2.337480190174326538e+02 5.154017857142856940e+01
2.338114104595879610e+02 5.133482142857143060e+01
