2.699791666666666856e+02 2.963802559414990867e+01
2.696517857142857224e+02 2.959780621572211956e+01
2.698601190476190368e+02 2.914808043875685684e+01
2.699434523809524080e+02 2.919561243144424267e+01
2.699851190476190368e+02 2.923217550274222987e+01
2.700446428571428328e+02 2.926873857404022061e+01
2.701696428571428328e+02 2.931261425959780809e+01
2.702648809523809632e+02 2.931261425959780809e+01
2.703303571428571672e+02 2.946252285191956233e+01
2.701458333333333144e+02 2.960877513711151821e+01
2.699791666666666856e+02 2.963802559414990867e+01
